0
Ferreras
Johan
jferrer4
j26111998*
18
37
diknaininr
juanjuan
0
28473
0
1
FErr
John
jferrer5
j26111998*
18
37
fnekmwk
ndfkjm
0
10460
0
2




0
0


0

0
3




0
0


0

0
4




0
0


0

0
5




0
0


0

0
6




0
0


0

0
7




0
0


0

0
8




0
0


0

0
9




0
0


0

0
10




0
0


0

0
11




0
0


0

0
12




0
0


0

0
13




0
0


0

0
14




0
0


0

0
15




0
0


0

0
16




0
0


0

0
17




0
0


0

0
18




0
0


0

0
19




0
0


0

0
20




0
0


0

0
21




0
0


0

0
22




0
0


0

0
23




0
0


0

0
24




0
0


0

0
25




0
0


0

0
